A01     1889    81
A01     1890   330   335   266   238   172   158   341   256   166   232
A01     1900   206   282   275   194   177    62   118    59    66   118
A01     1910    70    24   492   414  1151  1734  1490   505   690  1063
A01     1920   528   327   285   105   120   994   540   843   783  1109
A01     1930   811   803   794   612   584   945   544   209   823   252
A01     1940   656   578  1182  1533   539  1791  1613  1817  1723  2158
A01     1950  1437  2077  1673  2746  1666  1478  1019  1221  1585  1397
A01     1960   942  1709  1440  1805  2053  1958  1592  1888  1317  1881
A01     1970  1461  1779  2161  2068  1461  2454  1971  1734  2008  2443
A01     1980  1263  1522  1270  1161  1019  1759   231   588   403   411
A01     1990   337   972   723   501   602   411   820   741   411   621
A01     2000   726  1547  1352   964   884   983   932   871   667  1159
A01     2010  1972  1353  1070  1547   879  1086 -9999
A02     1864   629   393   336  1371   565   876
A02     1870  1296   659   636  1074   857   743   381   726   555  1238
A02     1880  1580   829   667   675   846  1301  1319   942  1006   615
A02     1890   563   295   220   192   190   390   711   244   149   325
A02     1900   403   486  1447  2198  1844  1730  2340  1981  2099  1939
A02     1910  1853  1211   725   640   466   816   509   424   403   611
A02     1920  1229  1816  1759   948  1445   573   598   436   257   163
A02     1930   132   153   224   616   528   523  1063   935  1215  1660
A02     1940  1156  1460  1221  1948   830   735   131   500  1018  1165
A02     1950  1225  1484  1862  2355  1964  1303  1570   880  1891  2439
A02     1960  2207  1966  1913  1548  1028  1179  1380  1136  1342  1757
A02     1970  1708  1379  1512  1272  1157  1112  1145  1184  1182   738
A02     1980   951   848   838  1055  1397  1178  1968  1690   963   594
A02     1990   536  1184  1123  1375  1788  1501  1386  1222  1233  1602
A02     2000  2066  1736  1845  1430  1933  2388  1939   861  1130  1569
A02     2010  2342  1869  1843  1919  1312  1704 -9999
A03     1891   408   358   690   551   622   516   424   209   732
A03     1900   825   334   597   554   341   784   780   998   859   361
A03     1910   354  1359  1218   739   381   443   465   198   323   801
A03     1920   467   573   503   575   557   315   725   326   616   825
A03     1930   744   690   197   989   417   195  1185  1263  1360  1233
A03     1940   938  1111  1510   355   411   416   855  1479  2298  2795
A03     1950  1034  1317   495   844   889   504   346   804   970   973
A03     1960   821  1035  1387   738   648   430   232   640   336   305
A03     1970   700   600   609   767   742   880   714   504   611  1077
A03     1980   809   763  1662   146   303   178   240   262   126   230
A03     1990  1057  1024   925   738   906   708   695   829   955  1425
A03     2000   939   905  2694  1846  2135  1480  1032  1332  1148  1123
A03     2010   957  1408   997  1045  1229 -9999
A04     1916  1449  1104  1189   160
A04     1920   117  1539   629   102   112  1473  1398   813   995  1511
A04     1930  1398  1744  1636  1818  1799  2376  2707  1444  3117  2773
A04     1940  2316  2245  2498  1670   422   709  1407  1153  1467   519
A04     1950   223   773  1203   894   921  1597   667   789   916   430
A04     1960  2045  1439  2745  1988  2027  1848  1260  1800  1127  1056
A04     1970  1833  1906  1576  1100  1309  1579  1197  1499  1165  1545
A04     1980  1661  1927  1380   948  1720  1370  1680   423  1014  2395
A04     1990  1820  2080  2668  2405  3473  2430  1313  1556  2155  1354
A04     2000  1427   846  1355  1860  1355   529   751  1779  1138  1074
A04     2010  1443  1374   993  1141  1485   958 -9999
A05     1924    56  2325  1241   840  2341  3457
A05     1930  3366  4079  2873  4991  1833  1355  2644   885  2228  2032
A05     1940  1179  1601   833  1453  1536   584  1172  1017  2729  2362
A05     1950  2088  1291  2048   602   588   807   824   901   424   689
A05     1960   296   671  1433   940   919  1088  1192   941  1161   558
A05     1970   695   974  1176   990  1091  1196  1015   889   846   809
A05     1980   765   533   423   485   399   568  1197   755   412   969
A05     1990   803   338   995  2165  2125  2648  1605   825  1723  1107
A05     2000   802   779   741   567   986   770   760  1079   902   813
A05     2010   783  1106   994   960  1434  1454 -9999
A06     1895   569   204   212    60    74
A06     1900    97   197    59   608   620   734   465   488   403   129
A06     1910    91   497   620   735   188   250   517   163   663  1036
A06     1920  1443  1371  1195  1090  1300   931  1329  1862  1470  1057
A06     1930  1812  1701  1302  1438  2042  2180  1775  1778  2021  1793
A06     1940  1860  2076   772  2081  2092  2180  2308  1799  2603  2109
A06     1950  1322  1498  1138  1521  1227  2561  1940  1990  1450   950
A06     1960   916   528   285  1086   747   327   876   770   349   953
A06     1970   518   180   116   380   571  1068  1513   582   910  1073
A06     1980  1122   931  1690  1736  1376   888  2978  1817  1541  1849
A06     1990  1425  1355   430   222   306   895   211   748   387   542
A06     2000   684   544   453   498   361   235   801   484   613   881
A06     2010   114   452   186   473   416   802 -9999
A08     1970   164   164   280   201   396   341   272   203   402   318
A08     1980   747   860   999  1014   564   342  1158   710   353  1100
A08     1990   796  1079   881   660   522   376   436   542   368   409
A08     2000   599   559   289   465   571   569   402   168   166   351
A08     2010   259   194   417   716   689   914 -9999
A09     1979  1573
A09     1980   380   424   464   389   454   486   441   190   468   312
A09     1990   294   410   267   484   296   442   546   885   341   453
A09     2000   642   552   806   628  1202   890   538  1131  1723   869
A09     2010   760   640   836   606   303   763 -9999
A10     1983   846   445   760   276   426   478   771
A10     1990   602   612   408   523   384   823   820  1290   907   855
A10     2000  1009   350   931   962   997   799   584   622   316   220
A10     2010   333   207   270 -9999
A12     1976   204   324   487   493
A12     1980   216   396   373   618   289   283   557   631   855   556
A12     1990   893  1559  1088   495   627   607  1124  1422   933   760
A12     2000   464   435   833   541   306   339   275   243   276   462
A12     2010   231   264   392   442   243   254 -9999
A13     1962   658   308   232   273   102   498   156    95
A13     1970   104    89   564   506   514   196   231   282   371   294
A13     1980   295   340   349   259    91   119   234    62   206   250
A13     1990   304   461    56   379   677   499   715   484   936   404
A13     2000   271   682   111   206   318   801   945   675   763   325
A13     2010   651   682   326   326   119   206 -9999
B01     1955     7   712   954   899  1006
B01     1960   682   599   452   373   348   243   360   276   274   571
B01     1970   367   148   359   286   359   420   518   522   549   529
B01     1980   723   237   372   844   729   432   787   603   481   499
B01     1990   517  1073   403  1476  1146   712   496   491   604   541
B01     2000   496   467   584   631   519   689   132   677   172   167
B01     2010   106   178   206   276   223   462 -9999
B02     1962   410   411   557  1350  1369  1387  1229  1713
B02     1970  1551  1458  1256  1217  1033   915   999   846   815   586
B02     1980   329   317   223   168   181   158   211    90   314   362
B02     1990   291   424   672   298   444   366   540   408   497   332
B02     2000   169    84   231   116   187   172   211   150   301   884
B02     2010   781   656   610   609   481   272 -9999
B03     1933   413   937  1098   776  1085  1750  2370
B03     1940  1607  1365  1457  1541  1217  1053  1064  1326  1809  1995
B03     1950  1804  1209  2076  1937  2353  1470  1030  1433  1103   681
B03     1960   614   439   315   295   577   527   472   358   588   546
B03     1970   346   274   406   562   349   885   404   589   415   750
B03     1980  1390   882   605   775   962  1357   966   524   539   468
B03     1990   379   957   137   464   379   456   258   467   409   441
B03     2000   455   731   619  1004   631   415   506   451   396   140
B03     2010   226   627   136   513    95   124 -9999
B04     1923    14  1289   874   629   399   230   344
B04     1930   529   613  1485   924   975  1189  1211  1912  1502  1456
B04     1940  1185  2072  1777  1363  1227  1171  1022  1481  1095  2043
B04     1950  1065   889  1338  1317  1285   934   748  1014  1025   914
B04     1960   705  1162   937   958  1025   671   665   753   879   678
B04     1970   752  2022  2339  2625  1691  2776  2651  2026  1707  2192
B04     1980  1844  1265  1579  2123  2423  2818  2525   627   276   776
B04     1990  1697  1340   855  1113  1739  2521  1784  2277  2269  2149
B04     2000  1188  1006  1660  2446  2106  1011   724   962   646   766
B04     2010   689   639   902   663   646   622 -9999
B05     1945   180   955  1554  1428  1703
B05     1950  1368  1452  1591  1644  1828  2377  1100   771  1559  1461
B05     1960  1055  1061   804   936  1390   776   977  1110   845  1090
B05     1970   587  1292  1305  1525  1319  2041  1880  1789  1089  1132
B05     1980  1048   654  1001  1429   490   941   805   299  1193   863
B05     1990  1479   917  1109  1749  2092  2512  1460  1944  1539  1019
B05     2000  1093  1405  1234  1035  1329   989   640   822   475   728
B05     2010  1364   935  1294  1664  1194  1833 -9999
B06     1950   249   247   274   523   430   438   833  1061  1571  1333
B06     1960  1359  1439  1436  1324  1061  1218  1088  1033  1149  2070
B06     1970  1506  1286  2600   508   286   579   325   492   267   401
B06     1980   104   204   116   243   107   137   106   208   275   530
B06     1990   596   706   285   366   278  1153   261   689   548   319
B06     2000   423   270   204   767   477   100   307   158   194   347
B06     2010   668   379   241   562   330   372 -9999
B07     1877   715   614   730
B07     1880   882   755   967   743   859  1474  1384  1820  1693  1202
B07     1890  1744  1334  1607  1397  1641  1695  2035  1099  1340  1126
B07     1900   794   910   801  1504   750   676  1021   961  1157   760
B07     1910   565   362   398   347   245   343   206   174   161   207
B07     1920   874  1185   849   351   230   189   435   876   668   534
B07     1930   626   730  1149   873   843   725  1153   854  1293   170
B07     1940  1642  1111  1725   671  1005  1387  1481   570   555  1030
B07     1950  1092  1397   792   988  1313  1009  1473  1322  1767  1366
B07     1960  1210   991  1753  1276   821  1182  1108  1278  1096   958
B07     1970  1278  1532  1963  1281   971   866  1320  1449   788   987
B07     1980   480  1097   759   828   574   818   895   463   190   262
B07     1990   407   624   578   368  1053   983  1058   759   938   910
B07     2000   604   511   654   601   849   733   884   298   546   760
B07     2010   676   930  1050   824   940 -9999
B08     1918   138   509
B08     1920  1572  1031  1362  1487   989   508   390   325   346   564
B08     1930   406   518   600   840   962   950   887   476   737   567
B08     1940   315  1420  1508   924  1259   983   404   349   338   380
B08     1950   393   612   474   633   512   582   459   632   335   404
B08     1960   620   548   539   672   332   418   486   365   232   266
B08     1970   224   322   303   268   421   605  1016  1117  1431  1597
B08     1980  1487  1485  1702  1314  1156  1918  1676  1245   746  1578
B08     1990  1913  1404  1514  1852  1622  1745  1195   941   655   876
B08     2000   559   455   495   636   543   525   415   832   497   465
B08     2010   341   221   235   260   305   326 -9999
B09     1878   190   209
B09     1880   176   343   536   568   323   136   274   264   299   538
B09     1890   612   462   452   258   136   190   255   241   275   134
B09     1900   291   103   136   201   397   472   374   286   187   420
B09     1910   425   508   852   954  1147   841  1286  1291  1399  1066
B09     1920  1001   810   520   461   681   700   646   627   841  1076
B09     1930  1187  1091   929  1067   612   680  1102   912   963   704
B09     1940   683   888   481  1160   613   826   733  2042   935   867
B09     1950   701   568   608   490   619   331   479   335   698   440
B09     1960   327   584   613   479   333   592   544   418   119   671
B09     1970   594   653  1412  1231  1824  4059  3541  3176  1387  3239
B09     1980  3392  3793  3450  3658  2940   885  2033  1396  1354   909
B09     1990  1354  1988  2262  1784  1209  1679  2221  2539  2094  2001
B09     2000  1658  2076  1653   703  1218  1491  1153   926   992  1318
B09     2010  1014   803  1014  1161 -9999
B10     1978   307   727
B10     1980   549   319   519   398   414   482   585   631   705   454
B10     1990   520   826   948   827  1049   642   437   462   804   797
B10     2000   744   532   473   397  1019   380   332   159   349   308
B10     2010   201   285   209   718   496   439 -9999
B11     1957   448   726   270
B11     1960   302   341   119   206   223   518   337   538   453   862
B11     1970   395   319   141   319    96   461   147   252   116   300
B11     1980   183    53   426   529   539   743   558   433  1066  1506
B11     1990  1340  1513  1155   889  1356  1295  1291  1197   865  1747
B11     2000  1187   894   738   713   900   894   830  1134   545   741
B11     2010   896   776   617   820   584 -9999
B12     1966   641   971   731   680
B12     1970  1205   659   613   508   296   464   237   400   245   110
B12     1980   342   251   447   373   385   658   165   133   249   336
B12     1990   506   324   913  1186  1038   455   537   425   802   912
B12     2000   468   438   508   162   330   385   276    95   107   241
B12     2010   162   169   162   186   190   247 -9999
B13     1881  1000   578   841   741   265   209   365    42   143
B13     1890   499   413   170   319   291   103   526   158   178   338
B13     1900   228   365   118   224   219   321   270   208   101   235
B13     1910   160   418   494   347   412   519   409   927   562  1265
B13     1920   793   289   306   268   449   549   832   888  1316  1529
B13     1930  1480  2000  1410  1231   653  1270  1247   983   842  1312
B13     1940   960  1227   815  1296  1011  1579  1111  1747  1149   931
B13     1950   838   624   856   827   716   417   716   427   745   515
B13     1960   265   409   697   518   160   194   253   317   185   687
B13     1970  1191   937  1409  1370  2020  2522  1659  2238   732  3136
B13     1980  3244  3568  3257  2128  2697  2732  1310  1330  2053  2108
B13     1990  1850  1534  2655  2388  3423  2272  2221  1962  2548  1418
B13     2000  1484  1837  2320  2199  1895  1389  1238  1675  1640  1088
B13     2010  1131  1166   773   376  1393  1885 -9999
C02     1966  3589  1775  2519  2163
C02     1970  2570  2682  2470  3091  2655  3614  2337  2507  2799  1829
C02     1980  1981  2146  2304  2635  1776  2264  2008  1376  1456  1879
C02     1990  2660  3012  2294  2479  1581  2613  1148  1679  2326  2134
C02     2000  1261  2170  2674  3878  2424  1442  1367   656  1313  1380
C02     2010   487  1295  2280  1267   806  1188 -9999
C05     1939   601
C05     1940   671   717  1720  1475  1420   805   466  1255  2010  2991
C05     1950  2344  1530   205   728   402   509   436   197  1134   300
C05     1960   360   271  1052  1250  1647  1523   941  1765  2129  1825
C05     1970  1683  1854  3882  2604  1670  2009  1525  1795  1281  2668
C05     1980   681   799   693   216  1377  1691  1837  1756  1014  1518
C05     1990  2231  2070  1715  1848  1626  1753  1665  1362  1531  1521
C05     2000  1194  1282  2422  1177  1844  1199   747  1607  1711  1654
C05     2010  1211 -9999
C06     1943   327   575   736   632   439   675   832
C06     1950   928  1381   838  1303  1175  1416   882   817   962   747
C06     1960   668   335   150   155    97   109    95    86    64   535
C06     1970   326   415   403   520   298   211   340   250   225   289
C06     1980   259   365   390   371   366   218   301   176   201   183
C06     1990   533   452   209   399   415   224   118   138   277   175
C06     2000   263   296   122   177   122   185   228   210   168   407
C06     2010   897   891   682   640   354  1001 -9999
C07     1912   469   410   424   388   602   348   415   225
C07     1920   303   525   536   288   279   189   206   247   450   604
C07     1930   867   323   978   863  1170   930  1052  1210  1276  1354
C07     1940  1135  1100   435   383   423  1245   940  2039  1981  2828
C07     1950  2652  2670  2530  1999  1821  1812  2463  1983  1529  1336
C07     1960   625  1036   895  1099   759   750   852   960   769   579
C07     1970   776  1185  1312   779  1186  1276  1324  1352  1421   899
C07     1980  1898  1036   895  1157   981  1062   833   732   876  1799
C07     1990  1673  1875  1386  1003   796   498   569   668   971  1498
C07     2000   509   653   510   446   424   589   574   620   798   869
C07     2010   646  1232  1153   976   857  1675 -9999
C08     1933   298   333   411   305   488  1729  1392
C08     1940   275   955  1053   902   949   792   421   607   668   373
C08     1950   326   303   509   341   578   377   543   767   376   694
C08     1960   388   747   686   595   501   409   424   321   340   570
C08     1970   605   609   191   262   343  1087   896   312   505  1076
C08     1980  1061   590   964   998  1632  2130  2838   855   905  1923
C08     1990  1653  1051  1372  1935  1976   949  1146  1239   874  1021
C08     2000  1393   866   940  1187  1063   899   768   984   752  1073
C08     2010   727  1019  1006  1109   835   784 -9999
C09     1890  1140  1079  2793  1607  1099  1713  1522  1460   973   635
C09     1900   528   699   954  1237   751    53    54    58   190   143
C09     1910   138   116    73   117   180   164   185   169    85   270
C09     1920   180   811   932   454   531   348   487   322   547   275
C09     1930   762   667   443   371   423   454   372   739   741   381
C09     1940   211   540   476   476   137   401   254   464   485  1054
C09     1950  1100    74  1091  1195  1442  1984  1694  1771  1076  1089
C09     1960  1343  1376   727  1269  1897  1486  1947  1240  1532  2205
C09     1970  1762  1481  1122  1302   953  1120  1422  1151  1042  1001
C09     1980   681  1618  1097  1828  1775  3575  2242   545  2036  1578
C09     1990  4461  3678  2869  4820  3281  3194  1721  2125  1553  2884
C09     2000  1314  2031   740  1319  1732  2783  1367  1163  2585  1808
C09     2010  1832  1212  1226   922   959  1257 -9999
C11     1958   453   652
C11     1960   322   677   994  1136   853   437   497   278   437   446
C11     1970   192   170   213   306   268   434   466   294   343   664
C11     1980   412   459   146   205   524   878  1197  1043  1156  1297
C11     1990  1581  1077   761   875   614   751   444   912   847   602
C11     2000   670   751   697   738  1007   646   912  1311   733  1158
C11     2010  1323   877   780   798  1013  1561 -9999
